24 23,24,25,26,27,28,29,30,31,32,33,34,35,36,37,38,39,40,41,42,43,44,45,46,47,48,49,50,51,52,53,54,55,56,57,58,59,60,61,62,63,64,65,66,67,68,69,70,71,72,73,74,75,76,77,78,79,80,81,82,83,84,85,86,87,88,89,90,91,92,93,94,95,96,97,98,99,100,101,102,103,104,105,106,107,108,109,110,111,112,113,114,115,116,117,118,119,120,121,122,123,124,125,126,127,128,129,130,131,132,133,134,135,136,137,138,139,140,141,142,143,144,145,146,147,148,149,150,151,152,153,154,155,156,157,158,159,160,161,162,163,164,165,166,167,168,169,170,171,172,173,174,175,176,177,178,179,180,181,182,183,184,185,186,187,188,189,190,191,192,193,194,195,196,197,198,199,200,201,202,203,204,205,206,207,208,209,210,211,212,213,214,215,216,217,218,219,220,221,222,223,224,225,226,227,228,229,230,231,232,233,234,235,236,237,238,239,240,241,242,243,244,245,246,247,248,249,250,251,252,253,254,255,256,257,258,259,260,261,262,263,264,265,266,267,268,269,270,271,272,273,274,275,276,277,278
25 23,278
26 23,278
27 23,278
28 23,278
29 23,278
30 23,278
31 23,278
32 23,278
33 23,278
34 23,278
35 23,278
36 23,278
37 23,278
38 23,278
39 23,278
40 23,278,700,701,702,703,704,705,706,707,708,709,710,711,712,713,714,715,716,717,718,719,720,721,722,723,724,725,726,727,728,729,730,731,732,733,734,735,736,737,738,739,740,741,742,743,744,745,746,747,748,749,750,751,752,753,754,755,756,757,758,759,760,761,762,763,764,765,766,767,768,769,770,771,772,773,774,775,776,777,778,779,780,781,782,783,784,785,786,787,788,789,790,791,792,793,794,795,796,797,798,799,800,801,802,803,804,805,806,807,808
41 23,278,700,808
42 23,278,700,808
43 23,278,700,808
44 23,278,700,808
45 23,278,700,808
46 23,278,700,808
47 23,278,808
48 23,278,808
49 23,278,808
50 23,278,808
51 23,278,808
52 23,278,808
53 23,278,808
54 23,278,808
55 23,278,808
56 23,278,808
57 23,278,808
58 23,278,808
59 23,278,808
60 23,278,808
61 23,278,808
62 23,278,808
63 23,808,809,810,811,812,813,814,815,816,817,818,819,820,821,822,823,824,825,826,827,828,829,830,831,832,833,834,835,836,837,838,839,840,841,842,843,844,845,846,847,848,849,850,851,852,853,854,855,856,857,858,859,860,861,862,863,864,865,866,867,868,869,870,871,872,873,874,875,876,877,878,879,880,881,882,883,884,885,886,887,888,889,890,891,892,893,894,895,896,897,898
64 23,808,898
65 23,808,898
66 23,808,898
67 23,808,898
68 23,808,898
69 23,808,898
70 23,808,898
71 23,808,898
72 23,417,418,419,420,421,422,423,424,425,426,427,428,429,430,431,432,433,434,435,436,437,438,439,440,441,442,443,444,445,446,447,448,449,450,451,452,453,454,455,456,457,458,459,460,461,462,463,464,465,466,467,468,469,470,471,472,473,474,475,476,477,478,479,480,481,482,483,484,485,486,487,488,489,490,491,492,493,494,495,496,497,498,499,500,501,502,503,504,505,506,507,508,509,510,511,512,513,514,515,516,517,518,519,520,521,522,523,524,525,526,527,528,529,530,531,532,533,534,535,536,537,538,539,540,541,542,543,544,545,546,547,548,549,550,551,552,553,554,555,556,557,558,559,560,561,562,563,564,565,566,567,568,569,570,571,572,573,574,575,576,577,578,579,580,581,582,583,584,585,586,587,588,589,590,591,592,593,594,595,596,597,598,599,600,601,602,603,604,605,606,607,608,609,610,611,612,613,614,808,898
73 23,417,614,808,898
74 23,417,614,808,898
75 23,417,614,700,808,898
76 23,417,614,700,808,898
77 23,417,614,700,808,898
78 23,417,614,700,808,898
79 23,417,614,700,898
80 23,417,614,700,898
81 23,417,614,700,898
82 23,417,614,700,898
83 23,417,614,700,898
84 23,417,441,442,443,444,445,446,447,448,449,450,451,452,453,454,455,456,457,458,459,460,461,462,463,464,465,466,467,468,469,470,471,472,473,474,475,476,477,478,479,480,481,482,483,484,485,486,487,488,489,490,491,492,493,494,495,519,520,521,522,523,524,525,526,527,528,529,530,531,532,533,534,535,536,537,538,539,540,541,542,543,544,545,546,547,548,549,550,551,552,553,554,555,556,557,558,559,560,561,562,563,564,565,566,567,568,569,614,700,898
85 23,417,441,569,614,700,898
86 23,417,441,569,614,700,898
87 23,417,441,569,614,700,898
88 23,417,441,569,614,700,898
89 23,417,441,569,614,700,898
90 23,417,441,569,614,700,898
91 23,417,441,569,614,700,898
92 23,417,441,569,614,700,898
93 23,417,441,569,614,700,898
94 23,417,441,569,614,700,898
95 23,417,441,569,614,700,898
96 23,417,441,569,614,700,898
97 23,417,441,569,614,700,898
98 23,417,441,569,614,700,898
99 23,417,441,569,614,700,898
100 23,417,441,569,614,700,898
101 23,417,441,569,614,700,898
102 23,417,441,569,614,700,898
103 23,278,417,441,569,614,700,898
104 23,278,417,441,569,614,700,898
105 23,278,417,441,569,614,700,898
106 23,278,417,441,569,614,700,898
107 23,278,417,441,569,614,700,898
108 23,278,417,441,569,614,700,898
109 23,278,417,441,569,614,700,898
110 23,278,417,441,569,614,700,898
111 23,278,417,441,569,614,700,898
112 23,278,417,441,569,614,700,808,898
113 23,278,417,441,569,614,700,808,898
114 23,278,417,441,569,614,700,808,898
115 23,278,417,441,569,614,700,808,898
116 23,278,417,441,569,614,700,808,898
117 23,278,417,441,569,614,700,808,898
118 23,278,417,441,569,614,700,808,898
119 23,278,417,441,569,614,700,808,898
120 23,278,417,441,569,614,700,808,898
121 23,278,417,441,569,614,700,808,898
122 23,278,417,441,569,614,700,808,898
123 23,278,417,441,569,614,700,808,898
124 23,278,417,441,569,614,700,808,898
125 23,278,417,441,569,614,700,808,898
126 23,278,417,441,569,614,700,808,898
127 23,278,417,441,569,614,700,701,702,703,704,705,706,707,708,709,710,711,712,713,714,715,716,717,718,719,720,721,722,723,724,725,726,727,728,729,730,731,732,733,734,735,736,737,738,739,740,741,742,743,744,745,746,747,748,749,750,751,752,753,754,755,756,757,758,759,760,761,762,763,791,792,793,794,795,796,797,798,799,800,801,802,803,804,805,806,807,808,898
128 23,278,417,441,569,614,747,808,898
129 23,278,417,441,569,614,747,808,898
130 23,278,417,441,569,614,747,808,898
131 23,278,417,441,569,614,747,808,898
132 23,278,417,441,569,614,747,808,898
133 23,278,417,441,569,614,747,808,898
134 23,278,417,441,569,614,747,808,898
135 23,278,417,441,569,614,747,808,898
136 23,278,417,441,569,614,747,808,898
137 23,278,417,441,569,614,747,808,898
138 23,278,417,441,569,614,747,808,898
139 23,278,417,441,569,614,747,808,898
140 23,278,417,441,569,614,747,808,898
141 23,278,417,441,569,614,747,808,898
142 23,278,417,441,569,614,747,808,898
143 23,278,417,441,569,614,747,808,898
144 23,278,417,441,569,614,747,808,898
145 23,278,417,441,569,614,747,808,898
146 23,278,417,441,569,614,747,808,898
147 23,278,417,441,569,614,747,808,898
148 23,278,417,441,569,614,747,808,898
149 23,278,417,441,569,614,747,808,898
150 23,278,417,441,569,614,747,808,898
151 23,278,417,441,442,443,444,445,446,447,448,449,450,451,452,453,454,455,456,457,458,459,460,461,462,463,464,465,466,467,468,469,470,471,472,473,474,475,476,477,478,479,480,481,482,483,484,485,486,487,488,489,490,491,492,493,494,495,496,497,498,499,500,501,530,531,532,533,534,535,536,537,538,539,540,541,542,543,544,545,546,547,548,549,550,551,552,553,554,555,556,557,558,559,560,561,562,563,564,565,566,567,568,569,614,747,808,809,810,811,812,813,814,815,816,817,818,819,820,821,822,823,824,825,826,827,828,829,830,831,832,833,834,835,836,837,838,839,840,841,842,843,844,845,846,847,848,849,850,851,852,853,854,855,856,857,858,859,860,861,862,863,864,865,866,867,868,869,870,871,872,873,874,875,876,877,878,879,880,881,882,883,884,885,886,887,888,889,890,891,892,893,894,895,896,897,898
152 23,278,417,441,569,614,747,808
153 23,278,417,441,569,614,747,808
154 23,278,417,441,569,614,747,808
155 23,278,417,441,569,614,747,808
156 23,278,417,441,569,614,747,808
157 23,278,417,441,569,614,747,808
158 23,278,417,441,569,614,747,808
159 23,278,417,441,569,614,747,808
160 23,278,417,441,569,614,747,808
161 23,278,417,441,569,614,747,808
162 23,278,417,441,569,614,747,808
163 23,278,417,441,569,614,747,808
164 23,278,417,441,569,614,747,808
165 23,278,417,441,569,614,747,808
166 23,278,417,441,569,614,747,808
167 23,278,417,441,569,614,747,808
168 23,278,417,441,569,614,747,808
169 23,278,417,441,569,614,747,808
170 23,278,417,441,569,614,747,808
171 23,278,417,441,569,614,747,808
172 23,278,417,441,569,614,747,808
173 23,278,417,441,569,614,747,808
174 23,278,417,441,569,614,747,808
175 23,278,417,441,569,614,747,808
176 23,278,417,441,569,614,747,808
177 23,278,417,441,569,614,747,748,749,750,751,752,753,754,755,756,757,758,759,760,761,762,763,764,765,766,767,768,769,770,771,772,773,774,775,776,777,778,779,780,781,782,783,784,785,786,787,788,789,790,791,792,793,794,795,796,797,798,799,800,801,802,803,804,805,806,807,808
178 23,278,417,441,569,614
179 23,278,417,441,569,614
180 23,278,417,441,569,614
181 23,278,417,441,569,614
182 23,278,417,441,569,614
183 23,278,417,441,569,614
184 23,278,417,441,569,614
185 23,278,417,441,569,614
186 23,278,417,441,569,614
187 23,278,417,441,569,614
188 23,278,417,441,569,614
189 23,278,417,441,569,614
190 23,278,417,441,569,614
191 23,278,417,441,569,614
192 23,278,417,441,569,614
193 23,278,417,441,569,614
194 23,278,417,441,569,614
195 23,278,417,441,569,614
196 23,278,417,441,569,614
197 23,278,417,441,569,614
198 23,278,417,441,569,614
199 23,278,417,441,442,443,444,445,446,447,448,449,450,451,452,453,454,455,456,457,458,459,460,461,462,463,464,465,466,467,468,469,470,471,472,473,474,475,476,477,478,479,480,481,482,483,484,485,486,487,488,489,490,491,492,493,494,495,496,497,498,499,500,501,541,542,543,544,545,546,547,548,549,550,551,552,553,554,555,556,557,558,559,560,561,562,563,564,565,566,567,568,569,614
200 23,278,417,614
201 23,278,417,614
202 23,278,417,614
203 23,278,417,614
204 23,278,417,614
205 23,278,417,614
206 23,278,417,418,419,420,421,422,423,424,425,426,427,428,429,430,431,432,433,434,435,436,437,438,439,440,441,442,443,444,445,446,447,448,449,450,451,452,453,454,455,456,457,458,459,460,461,462,463,464,465,466,467,468,469,470,471,472,473,474,475,476,477,478,479,480,481,482,483,484,485,486,487,488,489,490,491,492,493,494,495,496,497,498,499,500,501,548,549,550,551,552,553,554,555,556,557,558,559,560,561,562,563,564,565,566,567,568,569,570,571,572,573,574,575,576,577,578,579,580,581,582,583,584,585,586,587,588,589,590,591,592,593,594,595,596,597,598,599,600,601,602,603,604,605,606,607,608,609,610,611,612,613,614
207 23,278,417,614
208 23,24,25,26,27,28,29,30,31,32,33,34,35,36,37,38,39,40,41,42,43,44,45,46,47,48,49,50,51,52,53,54,55,56,57,58,59,60,61,62,63,64,65,66,67,68,69,70,71,72,73,74,75,76,77,78,79,80,81,82,83,84,85,86,87,88,89,90,91,92,93,94,95,96,97,98,99,100,101,102,103,104,105,106,107,108,109,110,111,112,113,114,115,116,117,118,119,120,121,122,123,124,125,126,127,128,129,130,131,132,133,134,135,136,137,138,139,140,141,142,143,144,145,146,147,148,149,150,151,152,153,154,155,156,157,158,159,160,161,162,163,164,165,166,167,168,169,170,171,172,173,174,175,176,177,178,179,180,181,182,183,184,185,186,187,188,189,190,191,192,193,194,195,196,197,198,241,242,243,244,245,246,247,248,249,250,251,252,253,254,255,256,257,258,259,260,261,262,263,264,265,266,267,268,269,270,271,272,273,274,275,276,277,278,417,614
209 148,278,417,614
210 148,278,417,614
211 148,278,417,614
212 148,278,417,614
213 148,278,417,614,744,745,746,747,748,749,750,751,752,753,754,755,756,757,758,759,760,761,762,763,764,765,766,767,768,769,770,771,772,773,774,775,776,777,778,779,780,781,782,783,784,785,786,787,788,789,790,791,792,793,794,795,796,797,798,799,800,801,802,803,804,805
214 148,278,417,614,744,805
215 148,278,417,614,744,805
216 148,278,417,614,744,805
217 148,278,417,614,744,805
218 148,278,417,614,744,805
219 148,278,417,614,744,805
220 148,278,417,614,744,805
221 148,278,417,614,744,805
222 148,278,417,614,744,805
223 148,278,417,614,744,805
224 148,278,417,614,744,805
225 148,278,417,614,744,805
226 148,278,417,614,744,805
227 148,278,417,614,744,805
228 148,278,417,614,744,805
229 148,278,614,744,805
230 148,278,614,744,805
231 148,278,614,744,805
232 148,278,614,744,805
233 148,278,614,744,805
234 148,278,614,744,805
235 148,278,614,744,805
236 148,278,614,744,805
237 148,278,614,744,805
238 148,278,614,744,805
239 148,278,614,744,805,806,807,808,809,810,811,812,813,814,815,816,817,818,819,820,821,822,823,824,825,826,827,828,829,830,831,832,833,834,835,836,837,838,839,840,841,842,843,844,845,846,847,848,849,850,851,852,853,854,855,856,857,858,859,860,861,862,863,864,865,866,867,868,869,870,871,872,873,874,875,876,877,878,879,880,881,882,883,884,885,886,887,888,889,890,891,892,893,894,895
240 148,278,614,744,805,895
241 148,278,614,744,805,895
242 148,278,614,744,805,895
243 148,278,614,744,805,895
244 148,278,614,744,805,895
245 148,278,614,744,805,895
246 148,278,614,744,805,895
247 148,278,614,744,805,895
248 148,278,614,744,805,895
249 148,278,614,744,805,895
250 148,278,614,744,805,895
251 148,278,614,744,805,895
252 148,278,614,744,805,895
253 148,278,614,744,805,895
254 148,278,614,744,805,895
255 148,278,614,744,805,895
256 148,278,614,744,805,895
257 148,278,614,744,805,895
258 148,278,614,744,805,895
259 148,278,614,744,805,895
260 148,278,614,744,805,895
261 148,278,614,744,805,895
262 148,278,614,744,805,895
263 148,278,614,697,698,699,700,701,702,703,704,705,706,707,708,709,710,711,712,713,714,715,716,717,718,719,720,721,722,723,724,725,726,727,728,729,730,731,732,733,734,735,736,737,738,739,740,741,742,743,744,745,746,747,748,749,750,751,752,753,754,755,756,757,758,759,760,788,789,790,791,792,793,794,795,796,797,798,799,800,801,802,803,804,805,895
264 148,278,614,697,805,895
265 148,278,614,697,805,895
266 148,278,614,697,805,895
267 148,278,417,614,697,805,895
268 148,278,417,614,697,805,895
269 148,278,417,614,697,805,895
270 148,278,417,614,697,805,895
271 148,278,417,614,697,805,895
272 148,278,417,614,697,805,895
273 148,278,417,614,697,805,895
274 148,278,417,614,697,805,895
275 148,278,417,614,697,805,895
276 148,278,417,614,697,805,895
277 148,278,417,614,697,805,895
278 148,278,417,614,697,805,895
279 148,278,417,614,697,895
280 148,278,417,614,697,895
281 148,278,417,614,697,895
282 148,278,417,614,697,895
283 148,278,417,614,697,895
284 148,278,417,614,697,895
285 148,278,417,614,697,895
286 148,278,417,614,697,895
287 148,278,417,418,419,420,421,422,423,424,425,426,427,428,429,430,431,432,433,434,435,436,437,438,439,440,441,442,443,444,445,446,447,448,449,450,451,452,453,454,455,456,457,458,459,460,461,462,463,464,465,466,467,468,469,470,471,472,473,474,475,476,477,478,479,480,481,482,483,484,485,486,487,488,489,490,491,492,493,494,495,496,497,498,499,500,501,502,503,504,505,506,507,508,509,510,511,512,513,514,515,516,517,518,519,520,521,522,523,524,525,526,527,528,529,530,531,532,533,534,535,536,537,538,539,540,541,542,543,544,545,546,547,548,549,550,551,552,553,554,555,556,557,558,559,560,561,562,563,564,565,566,567,568,569,570,571,572,573,574,575,576,577,578,579,580,581,582,583,584,585,586,587,588,589,590,591,592,593,594,595,596,597,598,599,600,601,602,603,604,605,606,607,608,609,610,611,612,613,614,697,895
288 148,278,697,895
289 148,278,697,895
290 148,278,697,895
291 148,278,697,895
292 148,278,697,895
293 148,278,697,895
294 148,278,697,895
295 148,278,697,895
296 148,278,697,895
297 148,278,697,895
298 148,278,697,895
299 148,278,697,895
300 148,278,697,895
301 148,278,697,895
302 148,278,697,895
303 148,278,697,895
304 148,278,697,895
305 148,278,697,895
306 148,278,697,895
307 148,278,697,895
308 148,278,697,895
309 148,278,697,895
310 148,278,697,895
311 148,278,697,895
312 148,278,697,805,895
313 148,278,697,805,895
314 148,278,697,805,895
315 148,278,697,805,895
316 148,278,805,895
317 148,278,805,895
318 148,278,805,895
319 148,278,411,412,413,414,415,416,417,418,419,420,421,422,423,424,425,426,427,428,429,430,431,432,433,434,435,436,437,438,439,440,441,442,443,444,445,446,447,448,449,450,451,452,453,454,455,456,457,458,459,460,461,462,463,464,465,466,467,468,469,470,471,472,473,474,475,476,477,478,479,480,481,482,483,484,485,486,487,488,489,490,491,492,493,494,495,496,497,498,499,500,501,502,503,504,505,506,507,508,509,510,511,512,513,514,515,516,517,518,519,805,895
320 148,278,411,519,805,895
321 148,278,411,519,805,895
322 148,278,411,519,805,895
323 148,278,411,519,805,895
324 148,278,411,519,805,895
325 148,278,411,519,805,895
326 148,278,519,805,895
327 148,149,150,151,152,153,154,155,156,157,158,159,160,161,162,163,164,165,166,167,168,169,170,171,172,173,174,175,176,177,178,179,180,181,182,183,184,185,186,187,188,189,190,191,192,193,194,195,196,197,198,199,200,201,202,203,204,205,206,207,208,209,210,211,212,213,214,215,216,217,218,219,220,221,222,223,224,225,226,227,228,229,230,231,232,233,234,235,236,237,238,239,240,241,242,243,244,245,246,247,248,249,250,251,252,253,254,255,256,257,258,259,260,261,262,263,264,265,266,267,268,269,270,271,272,273,274,275,276,277,278,519,805,806,807,808,809,810,811,812,813,814,815,816,817,818,819,820,821,822,823,824,825,826,827,828,829,830,831,832,833,834,835,836,837,838,839,840,841,842,843,844,845,846,847,848,849,850,851,852,853,854,855,856,857,858,859,860,861,862,863,864,865,866,867,868,869,870,871,872,873,874,875,876,877,878,879,880,881,882,883,884,885,886,887,888,889,890,891,892,893,894,895
328 519,805
329 519,805
330 519,805
331 519,805
332 519,805
333 519,805
334 519,805
335 519,805
336 519,805
337 519,805
338 519,805
339 519,805
340 519,805
341 519,805
342 519,520,521,522,523,524,525,526,527,528,529,530,531,532,533,534,535,536,537,538,539,540,541,542,543,544,545,546,547,548,549,550,551,552,553,554,555,556,557,558,559,560,561,562,563,564,565,566,567,568,569,570,571,572,573,574,575,576,577,578,579,580,581,582,583,584,585,586,587,588,589,590,591,592,593,594,595,596,597,598,599,600,601,602,603,604,605,606,607,608,609,805
343 519,609,805
344 519,609,697,805
345 519,609,697,805
346 519,609,697,805
347 519,609,697,805
348 519,609,697,805
349 519,609,697,805
350 519,609,697,698,699,700,701,702,703,704,705,706,707,708,709,710,711,712,713,714,715,716,717,718,719,720,721,722,723,724,725,726,727,728,729,730,731,732,733,734,735,736,737,738,739,740,741,742,743,744,745,746,747,748,749,750,751,752,753,754,755,756,757,758,759,760,761,762,763,764,765,766,767,768,769,770,771,772,773,774,775,776,777,778,779,780,781,782,783,784,785,786,787,788,789,790,791,792,793,794,795,796,797,798,799,800,801,802,803,804,805
351 519,609
352 519,609
353 519,609
354 411,519,609
355 411,519,609
356 411,519,609
357 411,519,609
358 411,609
359 411,609
360 411,609
361 411,609
362 411,609
363 411,609
364 411,609
365 411,609
366 411,609
367 411,609
368 411,609
369 411,609
370 411,609
371 411,609
372 411,609
373 411,609
374 411,609
375 411,609
376 411,609
377 411,609
378 411,609
379 411,609
380 411,609
381 411,609
382 411,609
383 411,609
384 411,609
385 411,609
386 411,609
387 411,609
388 411,609
389 411,609,783,784,785,786,787,788,789,790,791,792,793,794,795,796,797,798,799,800,801,802,803,804,805,806,807,808,809,810,811,812,813,814,815,816,817,818,819,820,821,822,823,824,825,826,827,828,829,830,831,832,833,834,835,864,865,866,867,868,869,870
390 411,609,783,870
391 411,519,609,783,870
392 411,519,609,783,870
393 411,519,609,783,870
394 411,519,609,783,870
395 411,519,609,783,870
396 411,519,609,783,870
397 411,519,609,783,870
398 411,519,609,783,870
399 411,519,609,783,870
400 411,519,609,783,870
401 411,519,609,783,870
402 411,519,609,783,870
403 411,519,609,783,870
404 411,519,609,783,870
405 411,519,609,783,870
406 411,412,413,414,415,416,417,418,419,420,421,422,423,424,425,426,427,428,429,430,431,432,433,434,435,436,437,438,439,440,441,442,443,444,445,446,447,448,449,450,451,452,453,454,455,456,457,458,459,460,461,462,463,464,465,466,467,468,469,470,471,472,473,474,502,503,504,505,506,507,508,509,510,511,512,513,514,515,516,517,518,519,609,783,870
407 458,519,609,783,870
408 458,519,609,783,870
409 458,519,609,783,870
410 458,519,609,783,870
411 198,199,200,201,202,203,204,205,206,207,208,209,210,211,212,213,214,215,216,217,218,219,220,221,222,223,224,225,226,227,228,229,230,231,232,233,234,235,236,237,238,239,240,241,242,243,244,245,246,247,298,299,300,301,302,303,304,305,306,307,308,309,310,311,312,313,314,315,316,317,318,319,320,321,322,323,324,325,326,327,328,329,330,331,332,333,334,335,336,337,338,339,340,341,342,343,344,345,346,347,348,349,350,351,352,353,354,355,356,357,358,359,360,361,362,363,364,365,366,367,368,369,370,371,372,373,374,375,376,377,378,379,380,381,382,383,458,519,609,783,870
412 198,383,458,519,609,783,870
413 198,383,458,519,609,783,870
414 198,383,458,519,609,783,870
415 198,383,458,519,609,783,870
416 198,383,458,519,609,783,870
417 198,383,458,519,609,783,870
418 198,383,458,519,609,783,870
419 198,383,458,519,609,783,870
420 198,383,458,519,609,783,870
421 198,383,458,519,609,783,870
422 198,383,458,519,609,783,870
423 198,383,458,519,609,783,870
424 198,383,458,519,609,783,870
425 198,383,458,519,609,783,870
426 198,383,458,519,609,783,870
427 198,383,458,519,609,783,870
428 198,383,458,519,609,783,870
429 198,383,458,519,609,783,870
430 198,383,458,519,520,521,522,523,524,525,526,527,528,529,530,531,532,533,534,535,536,537,538,539,540,541,542,543,544,545,546,547,548,549,550,551,552,553,554,555,556,557,558,559,560,561,562,563,564,565,566,567,568,569,570,571,572,573,574,575,576,577,578,579,580,581,582,583,584,585,586,587,588,589,590,591,592,593,594,595,596,597,598,599,600,601,602,603,604,605,606,607,608,609,783,870
431 198,383,458,519,783,870
432 198,383,458,519,783,870
433 198,383,458,519,783,870
434 198,383,458,519,783,870
435 198,383,458,519,783,870
436 198,383,458,519,733,734,735,736,737,738,739,740,741,742,743,744,745,746,747,748,749,750,751,752,753,754,755,756,757,758,759,760,761,762,763,764,765,766,767,768,769,770,771,772,773,774,775,776,777,778,779,780,781,782,783,870
437 198,383,458,519,733,783,870
438 198,383,458,519,733,783,870
439 198,383,458,519,733,783,870
440 59,60,61,62,63,64,65,66,67,68,69,70,71,72,73,74,75,76,77,78,79,80,81,82,83,84,85,86,87,88,89,90,91,92,93,94,95,96,97,98,99,100,101,102,103,104,105,106,107,108,109,110,111,112,113,114,115,116,117,118,119,120,121,122,123,124,125,126,127,128,129,130,131,132,133,134,135,136,137,138,139,140,141,142,143,144,145,146,147,148,149,150,151,152,153,154,155,156,157,158,159,160,161,162,163,164,165,166,167,168,169,170,171,172,173,174,175,176,177,178,179,180,181,182,183,184,185,186,187,188,189,190,191,192,193,194,195,196,197,198,199,200,201,202,203,204,205,206,207,208,209,210,211,212,213,214,215,216,217,218,219,220,221,222,223,224,225,226,227,228,229,230,231,232,233,234,235,236,237,238,239,240,241,242,243,244,245,246,247,248,249,250,251,252,253,254,255,256,257,258,259,260,261,262,263,264,265,266,267,268,269,270,271,272,273,274,275,276,277,278,279,280,281,282,283,284,285,286,287,288,289,290,291,292,293,294,295,296,297,298,299,300,301,302,303,304,305,306,307,308,309,310,311,312,313,314,315,316,317,318,319,320,321,322,323,324,325,326,327,328,329,330,331,332,333,334,335,336,337,338,339,340,383,458,519,733,783,870
441 59,198,340,383,458,519,733,783,870
442 59,198,340,383,458,519,733,783,870
443 59,198,340,383,458,519,733,783,870
444 59,198,340,383,458,519,733,783,870
445 59,198,340,383,458,519,733,783,870
446 59,198,340,383,458,519,733,783,870
447 59,340,383,458,519,733,783,870
448 59,340,383,458,519,733,783,870
449 59,340,383,458,519,733,783,870
450 59,340,383,458,519,733,783,870
451 59,340,383,458,519,733,783,870
452 59,340,383,458,519,733,783,870
453 59,340,383,458,519,733,870
454 59,340,383,458,519,733,870
455 59,340,383,458,519,733,870
456 59,340,383,458,459,460,461,462,463,464,465,466,467,468,469,470,471,472,473,474,475,476,477,478,479,480,481,482,483,484,485,486,487,488,489,490,491,492,493,494,495,496,497,498,499,500,501,502,503,504,505,506,507,508,509,510,511,512,513,514,515,516,517,518,519,733,870
457 59,340,383,733,870
458 59,340,383,733,870
459 59,340,383,733,870
460 59,340,383,733,870
461 59,340,383,733,870
462 59,340,383,733,870
463 59,340,383,733,870
464 59,340,383,733,870
465 59,340,383,733,870
466 59,340,383,733,870
467 59,340,383,733,870
468 59,340,383,733,870
469 59,340,383,733,870
470 59,198,340,383,733,870
471 59,198,340,383,733,870
472 59,198,340,383,733,870
473 59,198,340,383,733,870
474 59,198,340,383,733,870
475 59,198,340,383,733,870
476 59,198,340,383,733,870
477 59,198,340,383,733,870
478 59,198,340,383,733,870
479 59,89,90,91,92,93,94,95,96,97,98,99,100,101,102,103,104,105,106,107,108,109,110,111,112,113,114,115,116,117,118,119,120,121,122,123,124,125,126,127,128,129,130,131,132,133,134,135,136,137,138,139,140,141,142,143,144,145,146,147,148,149,150,151,152,153,154,155,156,157,158,159,160,161,162,163,164,165,166,167,168,169,170,171,172,173,174,175,176,177,178,179,180,181,182,183,184,185,186,187,188,189,190,191,192,193,194,195,196,197,198,199,200,201,202,203,204,205,206,207,208,209,210,211,212,213,214,215,216,217,218,219,220,221,222,223,224,225,226,227,228,229,230,231,232,233,234,235,236,237,238,239,240,241,242,243,244,245,246,247,248,249,250,251,252,253,254,255,256,257,258,259,260,261,262,263,264,265,266,267,268,269,270,271,272,273,274,275,276,277,278,279,280,281,282,283,284,285,286,287,288,289,290,291,292,293,340,383,733,870
480 59,89,198,293,340,383,733,783,870
481 59,89,198,293,340,383,733,783,870
482 59,89,198,293,340,383,733,783,870
483 59,89,198,293,340,383,733,783,870
484 59,89,198,293,340,383,733,783,870
485 59,89,198,293,340,383,733,783,870
486 59,89,198,293,340,383,733,783,870
487 59,89,198,293,340,383,733,783,870
488 59,89,198,293,340,383,733,783,870
489 59,89,198,293,340,383,733,783,870
490 59,89,198,293,340,383,733,783,870
491 59,89,198,293,340,383,733,783,870
492 59,89,198,293,340,383,733,783,870
493 59,89,198,293,340,383,733,783,870
494 59,89,198,293,340,383,733,783,870
495 59,89,198,293,340,383,733,783,870
496 59,198,293,340,383,733,783,870
497 59,198,293,340,383,733,734,735,736,737,738,739,740,741,742,743,744,745,746,747,748,749,750,751,752,753,754,755,756,757,758,759,760,761,762,763,764,765,766,767,768,769,770,771,772,773,774,775,776,777,778,779,780,781,782,783,784,785,786,787,788,789,790,791,792,793,794,795,796,797,798,832,833,834,835,836,837,838,839,840,841,842,843,844,845,846,847,848,849,850,851,852,853,854,855,856,857,858,859,860,861,862,863,864,865,866,867,868,869,870
498 59,198,293,340,383,759,847
499 59,293,340,383,759,847
500 59,293,340,383,759,847
501 59,293,340,383,759,847
502 59,293,340,383,759,847
503 59,293,340,383,759,847
504 59,293,340,383,759,847
505 59,293,340,383,444,445,446,447,448,449,450,451,452,453,454,455,456,457,458,459,460,461,462,463,464,465,466,467,468,469,470,471,472,473,474,475,476,477,478,479,480,481,482,483,484,485,486,487,488,489,490,491,492,759,847
506 59,293,340,383,444,492,759,847
507 59,293,340,383,444,492,759,847
508 59,293,340,383,444,492,759,847
509 59,293,340,383,444,492,759,847
510 59,293,340,383,444,492,759,847
511 59,293,340,383,444,492,759,847
512 59,293,340,383,444,492,759,847
513 59,293,340,383,444,492,759,847
514 59,293,340,383,444,492,759,847
515 59,293,340,383,444,492,759,847
516 59,293,340,383,444,492,759,847
517 59,293,340,383,444,492,759,847
518 59,293,340,383,444,492,759,847
519 59,293,340,383,444,492,759,847
520 59,293,340,383,444,492,759,847
521 59,293,340,383,444,492,759,847
522 59,293,340,383,444,492,759,847
523 59,293,340,383,444,492,759,847
524 59,293,340,383,444,492,759,847
525 59,293,340,383,444,492,759,847
526 59,293,340,383,444,492,759,847
527 59,293,340,383,492,759,847
528 59,293,340,383,492,759,847
529 59,293,340,383,492,759,847
530 59,293,340,383,492,493,494,495,496,497,498,499,500,501,502,503,504,505,506,507,508,509,510,511,512,513,514,515,516,525,526,527,528,529,530,531,532,533,534,535,536,537,538,539,540,541,542,543,544,545,546,547,548,549,550,551,552,553,554,555,759,847
531 59,293,340,383,492,555,759,847
532 59,293,340,383,492,555,759,847
533 59,89,293,340,383,492,555,759,847
534 59,89,293,340,383,492,555,759,847
535 59,89,293,340,383,444,492,555,759,847
536 59,89,293,340,383,444,492,555,759,847
537 59,89,293,340,383,444,492,555,759,847
538 59,89,293,340,383,444,492,555,759,847
539 59,89,293,340,383,444,492,555,759,847
540 59,89,293,340,383,444,492,555,759,847
541 59,89,293,340,383,444,555,759,847
542 59,89,198,293,340,383,444,555,759,847
543 59,89,198,293,340,383,444,555,759,847
544 59,89,198,293,340,383,444,555,759,847
545 59,89,198,293,340,383,444,555,759,847
546 59,89,198,293,340,383,444,555,759,847
547 59,89,198,293,340,383,444,555,759,847
548 59,89,198,293,340,383,444,555,759,847
549 59,89,198,293,340,383,444,492,555,759,847
550 59,89,198,293,340,383,444,492,555,759,847
551 59,89,198,293,340,383,444,492,555,759,847
552 59,89,198,293,340,383,444,492,555,759,847
553 59,89,198,293,340,383,444,492,555,759,847
554 59,89,198,293,340,383,444,492,555,759,847
555 59,89,198,293,340,383,444,492,555,759,847
556 59,89,198,293,340,383,444,492,555,759,847
557 59,89,198,293,340,383,444,492,555,759,847
558 59,89,198,293,340,383,444,492,555,759,847
559 59,89,198,293,340,383,444,492,555,759,847
560 59,89,198,293,340,383,444,492,555,759,847
561 59,89,198,293,340,383,444,492,555,759,847
562 59,89,198,293,340,383,444,445,446,447,448,449,450,451,452,453,454,455,456,457,458,459,469,470,471,472,473,474,475,476,477,478,479,480,481,482,483,484,485,486,487,488,489,490,491,492,493,494,495,496,497,498,499,500,501,502,503,504,505,506,507,508,509,510,511,512,513,514,515,516,517,518,519,520,521,522,523,524,525,526,527,528,529,530,531,532,533,534,535,536,537,538,539,540,541,542,543,544,545,546,547,548,549,550,551,552,553,554,555,759,847
563 59,89,198,293,340,383,444,492,759,847
564 59,89,198,293,340,383,444,492,759,847
565 59,89,198,293,340,383,444,492,759,847
566 59,89,198,293,340,383,444,492,759,847
567 59,89,198,293,340,383,444,492,759,847
568 59,89,198,293,340,383,444,492,759,847
569 59,89,90,91,92,93,94,95,96,97,98,99,100,101,102,103,104,105,106,107,108,109,110,111,112,113,114,115,116,117,118,119,120,121,122,123,124,125,126,127,128,129,130,131,132,133,134,135,136,137,138,139,140,141,142,143,144,145,146,147,148,149,150,151,152,153,154,155,156,157,158,159,160,161,162,163,164,165,166,167,168,169,170,171,172,173,174,175,176,177,178,179,180,181,182,183,184,185,186,187,188,189,190,191,192,193,194,195,196,197,198,199,200,201,202,203,204,205,206,207,208,209,210,211,212,213,214,215,216,217,218,219,220,221,222,223,224,225,226,227,228,229,230,231,232,233,234,235,236,237,238,239,240,241,242,243,244,245,246,247,248,249,250,251,252,253,254,255,256,257,258,259,260,261,262,263,264,265,266,267,268,269,270,271,272,273,274,275,276,277,278,279,280,281,282,283,284,285,286,287,288,289,290,291,292,293,340,383,444,492,759,847
570 59,198,340,383,444,492,759,847
571 59,198,340,383,444,492,759,847
572 59,198,340,383,444,492,759,847
573 59,198,340,383,444,492,759,847
574 59,198,340,383,444,492,759,847
575 59,198,340,383,444,492,759,847
576 59,198,340,383,444,492,759,847
577 59,198,340,383,444,492,759,847
578 59,340,383,444,492,759,847
579 59,340,383,444,492,759,847
580 59,340,383,444,445,446,447,448,449,450,451,452,453,454,455,456,457,458,459,460,461,462,463,464,465,466,467,468,469,470,471,472,473,474,475,476,477,478,479,480,481,482,483,484,485,486,487,488,489,490,491,492,759,847
581 59,340,383,759,847
582 59,340,383,759,847
583 59,340,383,759,847
584 59,340,383,759,847
585 59,340,383,759,847
586 59,340,383,759,847
587 59,340,383,759,760,761,762,763,764,765,766,767,768,769,770,771,772,773,774,775,776,777,778,779,780,781,782,783,784,785,786,787,788,789,790,791,792,793,794,795,796,797,798,799,800,801,802,803,804,805,806,807,808,809,810,811,812,813,814,815,816,817,818,819,820,821,822,823,824,825,826,827,828,829,830,831,832,833,834,835,836,837,838,839,840,841,842,843,844,845,846,847
588 59,340,383
589 59,340,383
590 59,340,383
591 59,340,383
592 59,340,383
593 59,340,383
594 59,340,383
595 59,340,383
596 59,340,383
597 59,340,383
598 59,198,340,383
599 59,198,340,383
600 59,198,340,383
601 59,198,340,383
602 59,198,340,383
603 59,198,340,383
604 59,198,340,383
605 59,198,340,383
606 59,198,340,383
607 59,60,61,62,63,64,65,66,67,68,69,70,71,72,73,74,75,76,77,78,79,80,81,82,83,84,85,86,87,88,89,90,91,92,93,94,95,96,97,98,99,100,101,102,103,104,105,106,107,108,109,110,111,112,113,114,115,116,117,118,119,120,121,122,123,124,125,126,127,128,129,130,131,132,133,134,135,136,137,138,139,140,141,142,143,144,145,146,147,148,149,150,151,152,153,154,155,156,157,158,159,160,161,162,163,164,165,166,167,168,169,170,171,172,173,174,175,176,177,178,179,180,181,182,183,184,185,186,187,188,189,190,191,192,193,194,195,196,197,198,199,200,201,202,203,204,205,206,207,208,209,210,211,212,213,214,215,216,217,218,219,220,221,222,223,224,225,226,227,228,229,230,231,232,233,234,235,236,237,238,239,240,297,298,299,300,301,302,303,304,305,306,307,308,309,310,311,312,313,314,315,316,317,318,319,320,321,322,323,324,325,326,327,328,329,330,331,332,333,334,335,336,337,338,339,340,383
608 198,383
609 198,383
610 198,383
611 198,383
612 198,383
613 198,383
614 198,383
615 198,383
616 198,383
617 198,383
618 198,383
619 198,383
620 198,383
621 198,383
622 198,383
623 198,383
624 198,383
625 198,383
626 198,383
627 198,383
628 198,383
629 198,383
630 198,383
631 198,383
632 198,383
633 198,383
634 198,383
635 198,383
636 198,383
637 198,383
638 198,383
639 198,383
640 198,383
641 198,199,200,201,202,203,204,205,206,207,208,209,210,211,212,213,214,215,216,217,218,219,220,221,222,223,224,225,226,227,228,229,230,231,232,233,234,235,236,237,238,239,240,241,242,243,244,245,246,247,248,249,250,251,252,253,254,255,256,257,258,259,260,261,262,263,264,265,266,267,268,269,270,271,272,273,274,275,276,277,278,279,280,281,282,283,284,285,286,287,288,289,290,291,292,293,294,295,296,297,298,299,300,301,302,303,304,305,306,307,308,309,310,311,312,313,314,315,316,317,318,319,320,321,322,323,324,325,326,327,328,329,330,331,332,333,334,335,336,337,338,339,340,341,342,343,344,345,346,347,348,349,350,351,352,353,354,355,356,357,358,359,360,361,362,363,364,365,366,367,368,369,370,371,372,373,374,375,376,377,378,379,380,381,382,383
